0.17
0.34
0.21
0.22
0.14
0.13
0.14
0.17
0.19
0.16
0.93
0.24
0.15
0.21
0.17
0.16
0.17
0.18
0.18
0.20
0.14
0.20
0.15
0.14
0.14
0.37
0.19
0.15
0.18
0.15
0.12
0.19
0.14
0.14
0.15
0.16
0.18
0.17
0.19
0.22
0.19
0.26
0.21
0.18
0.28
0.20
0.57
0.21
0.20
0.15
0.13
0.20
0.13
0.14
0.14
0.36
0.18
0.17
0.21
0.23
0.19
0.19
0.18
0.19
0.18
0.18
0.19
0.20
0.27
0.18
0.15
0.19
0.20
0.15
0.16
0.17
0.45
0.22
0.21
0.15
0.14
0.24
0.20
0.18
0.20
0.40
0.20
0.18
0.23
0.21
0.20
0.20
0.19
0.19
0.26
0.22
0.24
0.19
0.25
0.18
0.21
0.26
0.22
0.22
0.17
0.19
0.60
0.28
0.26
0.23
0.21
0.16
0.22
2.49
0.35
0.22
0.24
0.29
0.25
0.38
0.30
0.63
0.31
0.22
0.35
0.25
0.34
0.28
0.26
