0.963409
0.958334
0.952461
0.95015
0.953747
0.955139
0.948894
0.948392
0.947449
0.94812
0.947032
0.948606
0.950619
0.948107
0.946162
0.94392
0.947859
0.950753
0.948351
0.952031
0.949609
0.949585
0.950555
0.951266
0.952746
0.95014
0.953791
0.951812
0.950778
0.946764
0.949798
0.94903
0.941836
0.947197
0.944451
0.950556
0.950527
0.948911
0.947932
0.950752
0.947151
0.948607
0.943865
0.947631
0.947507
0.946282
0.948274
0.945375
0.949692
0.951657
0.950004
0.95043
0.951498
0.950311
0.952481
0.95054
0.950963
0.954095
0.951402
0.953139
0.953637
0.952567
0.949978
0.948783
0.95131
0.951415
0.949708
0.94764
0.949846
0.949359
0.94913
0.949356
0.947395
0.951864
0.952628
0.950362
0.950744
0.951459
0.949566
0.946715
0.951481
0.952064
0.950565
0.950413
0.949762
0.947554
0.952307
0.949476
0.952432
0.948702
0.951334
0.947045
0.948249
0.951279
0.953651
0.951817
0.949047
0.951271
0.949736
0.948239
0.95043
0.954418
0.947893
0.953856
0.94876
0.952316
0.953363
0.949765
0.950988
0.95071
0.947181
0.947236
0.945484
0.949325
0.950017
0.950163
0.94498
0.951888
0.946449
0.951622
0.949632
0.950572
0.951146
0.950355
0.953414
0.949267
0.946951
0.94829
0.949147
0.950095
0.949479
0.948241
0.950794
0.950549
0.948489
0.947861
0.947616
0.949628
0.951476
0.952961
0.952796
0.951833
0.952718
0.950831
0.948199
0.948301
0.952892
0.949563
0.949919
0.949758
0.951342
0.949543
0.949214
0.948615
0.946639
0.95124
0.949452
0.947556
0.951698
0.952823
0.953431
0.953281
0.952089
0.953293
0.948842
0.951215
0.950392
0.954386
0.957617
0.955432
0.952679
0.956779
0.953569
0.953108
0.952862
0.952145
0.950342
0.950076
0.95247
0.949432
0.948641
0.951017
0.948033
0.946891
0.949183
0.953627
0.951735
0.950308
0.94877
0.949381
0.949628
0.954072
0.946831
0.946678
0.947476
0.948799
0.948661
0.95104
0.953876
0.952724
0.947478
0.947914
0.952222
0.948334
0.946625
0.946948
0.950815
0.951526
0.949225
0.950964
0.95286
0.950808
0.944924
0.952909
0.951534
0.94744
0.950211
0.94365
0.950119
0.946503
0.949027
0.949106
0.950244
0.946751
0.94708
0.947263
0.948255
0.948299
0.949296
0.948472
0.951036
0.949877
