307099
307003
306411
305863
305953
305998
306233
306205
306446
306508
306574
306413
306133
305879
305921
305838
305417
305303
306203
306035
306273
306368
306316
306505
306500
306176
306524
306411
306246
306496
306992
306888
306495
306453
306514
306695
306485
306430
306988
306875
306891
306729
306554
306400
306312
306271
306353
306708
306483
306403
306355
306169
305899
306024
306965
307110
306986
307117
307021
307104
307038
306881
306978
306897
306626
306740
307079
307103
307102
307075
307018
306899
306289
307066
307056
307099
307099
307115
307011
307100
307116
307058
307077
307073
307036
307066
307021
306980
306618
306928
307100
307110
307073
307047
307109
307046
307055
307081
306927
306953
306931
306795
306965
306904
307085
307117
307122
307067
307080
307111
306967
307038
307058
306817
307048
306816
306687
306530
306699
306900
307096
307035
307066
306975
306944
307080
307081
307057
307005
306932
306912
306967
306713
307119
306958
307106
306838
306750
306855
307060
307057
307013
306790
306698
306606
306324
306357
307119
307062
307103
